seeds:
3
136
118
10
181

FilterGA:
wbcd:
time:
140.2154221534729
130.7250747680664
130.4438042640686
139.51506233215332 
146.62336254119873
performance:
0.9122807017543859
0.9473684210526315
0.9298245614035088
0.8333333333333334
0.9385964912280702

average time: 137.504545211792
standard deviation time: 6.170237347128527
average accuracy: 0.9122807017543859
standard deviation accuracy: 0.041143997893187956

sonar:
time:
717.5089778900146
685.5282094478607
683.5263211727142
684.3907537460327
705.6807029247284
performance:
0.7619047619047619
0.8571428571428571
0.7857142857142857
0.880952380952380
0.8571428571428571

average time: 695.3269930362701
standard deviation time: 13.813856134789038
average accuracy: 0.8285714285714285
standard deviation accuracy: 0.04616837959444123

WrapperGA:
wbcd:
time:
19.51390242576599
18.154149770736694
17.625252723693848
23.46274471282959
18.599915504455566
performance:
0.9210526315789473
0.9298245614035088
0.9385964912280702
0.9298245614035088
0.9385964912280702

average time: 19.471193027496337
standard deviation time: 2.089762283941493
average accuracy: 0.9315789473684211
standard deviation accuracy: 0.006564311204866584

sonar:
time:
231.63921284675598
299.335599899292
345.75100564956665
254.1273546218872
280.4761412143707
performance:
0.8809523809523809
0.6904761904761905
0.8571428571428571
0.8571428571428571
0.7619047619047619

average time: 282.2658628463745
standard deviation time: 39.19126361474179
average accuracy: 0.8095238095238095
standard deviation accuracy: 0.07221786137191952


Part 3
at dataset  vehicle
error rate using all features =  0.21158392434988182
seed =  94
best solution error rate =  0.1643026004728132
best solution =  [1, 1, 1, 0, 1, 1, 1, 0, 0, 1, 0, 0, 1, 0, 0, 0, 0, 1] 
 feature count =  9
hypervolume of solution =  0.7453454163383242
seed =  102
best solution error rate =  0.16548463356973997
best solution =  [1, 0, 1, 0, 1, 1, 1, 1, 0, 1, 0, 0, 0, 0, 0, 0, 0, 0] 
 feature count =  7
hypervolume of solution =  0.7456868925663254
seed =  151
best solution error rate =  0.15602836879432624
best solution =  [1, 0, 1, 1, 1, 1, 1, 0, 0, 1, 1, 0, 0, 0, 0, 0, 0, 0] 
 feature count =  8
hypervolume of solution =  0.7530680325715788
at dataset  clean1
error rate using all features =  0.06302521008403361
seed =  94
best solution error rate =  0.008403361344537785
best solution =  [0, 1, 1, 1, 0, 1, 0, 1, 0, 0, 0, 1, 0, 0, 1, 0, 0, 1, 1, 1, 0, 0, 0, 1, 1, 0, 0, 1, 0, 0, 0, 0, 0, 0, 1, 1, 0, 1, 0, 0, 0, 1, 0, 0, 0, 0, 0, 1, 0, 1, 1, 1, 0, 0, 0, 1, 0, 0, 1, 0, 1, 0, 0, 0, 0, 0, 0, 1, 0, 0, 0, 0, 0, 0, 0, 0, 0, 0, 0, 0, 0, 0, 0, 0, 0, 0, 0, 1, 0, 0, 0, 1, 1, 0, 0, 0, 0, 0, 0, 0, 0, 1, 0, 0, 0, 1, 0, 1, 0, 0, 1, 1, 0, 0, 1, 0, 1, 0, 1, 0, 0, 0, 0, 0, 0, 0, 1, 1, 0, 0, 0, 0, 0, 0, 0, 1, 0, 0, 0, 1, 1, 0, 0, 0, 0, 0, 0, 0, 0, 0, 0, 0, 0, 0, 0, 0, 0, 0, 0, 0, 0, 0, 0, 0, 1, 0] 
 feature count =  42
hypervolume of solution =  0.9027012250683407
seed =  102
best solution error rate =  0.012605042016806678
best solution =  [0, 0, 0, 0, 0, 0, 0, 1, 1, 0, 0, 0, 0, 0, 0, 0, 0, 1, 0, 1, 0, 0, 0, 0, 1, 0, 0, 0, 1, 0, 0, 0, 0, 0, 1, 1, 0, 0, 1, 0, 0, 0, 1, 0, 1, 0, 0, 0, 0, 0, 0, 0, 0, 1, 0, 1, 0, 0, 0, 0, 0, 1, 0, 1, 0, 0, 0, 0, 0, 0, 1, 0, 1, 0, 0, 0, 0, 1, 1, 0, 1, 1, 0, 1, 0, 0, 0, 1, 0, 0, 0, 0, 0, 0, 0, 0, 0, 0, 0, 0, 0, 0, 0, 1, 0, 0, 0, 0, 0, 0, 1, 1, 0, 1, 0, 1, 0, 0, 0, 0, 0, 0, 0, 0, 0, 0, 0, 1, 0, 1, 0, 0, 1, 0, 0, 1, 0, 0, 1, 0, 0, 0, 0, 0, 0, 0, 0, 0, 0, 1, 0, 0, 0, 0, 0, 0, 0, 0, 1, 0, 1, 0, 1, 0, 0, 0]
 feature count =  37
hypervolume of solution =  0.8822192973574974
seed =  151
best solution error rate =  0.010504201680672232
best solution =  [0, 0, 0, 0, 0, 0, 0, 0, 0, 0, 0, 0, 0, 0, 0, 0, 0, 1, 1, 0, 0, 0, 0, 0, 0, 1, 0, 1, 0, 1, 0, 0, 0, 1, 1, 1, 0, 0, 0, 0, 0, 0, 1, 0, 0, 0, 0, 0, 1, 0, 1, 0, 0, 1, 1, 0, 0, 0, 1, 0, 1, 0, 0, 0, 0, 0, 0, 0, 0, 1, 0, 1, 1, 1, 0, 0, 0, 0, 0, 0, 0, 0, 0, 1, 1, 0, 0, 0, 0, 0, 0, 0, 1, 0, 0, 0, 0, 0, 1, 0, 0, 1, 0, 0, 0, 1, 0, 0, 0, 0, 1, 1, 0, 0, 1, 0, 0, 0, 1, 0, 0, 0, 0, 0, 0, 0, 0, 0, 1, 0, 0, 0, 0, 0, 0, 0, 0, 0, 0, 1, 0, 1, 0, 0, 0, 0, 0, 0, 0, 0, 0, 1, 0, 0, 0, 1, 0, 0, 0, 0, 0, 1, 1, 0, 0, 0]
 feature count =  36
hypervolume of solution =  0.8902809557557965